stop_idx: [4]
sequence: [GAGAAGA]
hfov: [25.]
f_number: [2.]
c: [ 0.10994608700275421, 0.014736141078174114, -0.03834565356373787, 0.11981328576803207, 0.0, 0.03997667506337166, -0.0657755583524704 ]
t: [ 2.4371840953826904, 0.5665456652641296, 1.0000001192092896, 0.844669759273529, 1.6025489568710327, 3.0, 13.061942100524902 ]
nd: [ 1.7638500928878784, 1.6258817911148071, 1.7638500928878784 ]
v: [ 48.48774719238281, 35.69896697998047, 48.48774719238281 ]