stop_idx: [2]
sequence: [GAAGA]
hfov: [25]
f_number: [2.]
c: [ 0.059835370630025864, 0.04363778978586197, 0.0, 0.022557824850082397, -0.0437268428504467 ]
t: [ 1.6105520725250244, 5.601459980010986, 6.902040481567383, 2.890363931655884, 12.037284851074219 ]
nd: [1.6778998374938965, 1.8918993473052979]
v: [55.3400764465332, 37.133338928222656]