stop_idx: [4]
sequence: [GAGAAGGA]
hfov: [25.]
f_number: [2.]
c: [ 0.11917586624622345, 0.03537517040967941, -0.032270871102809906, 0.13348394632339478, 0.0, 0.057362884283065796, -0.14504458010196686, -0.07696522772312164 ]
t: [ 2.6051883697509766, 0.8061898946762085, 1.000000238418579, 1.5986409187316895, 0.14155136048793793, 2.999530076980591, 1.1733624935150146, 12.837242126464844 ]
nd: [ 1.7638611793518066, 1.6259105205535889, 1.7638611793518066, 1.9166003465652466 ]
v: [ 48.4895133972168, 35.70527267456055, 48.4895133972168, 31.602611541748047 ]