stop_idx: [0]
sequence: [AGA]
hfov: [25]
f_number: [2.]
c: [0.0, 0.01867167465388775, -0.04616425931453705]
t: [6.715000152587891, 3.0007503032684326, 15.0230131149292]
nd: [1.916499376296997]
v: [31.60358428955078]